1 150 0
1 86 1
1 132 0
1 100 1
0 140 1
1 95 1
1 103 1
1 110 1
0 118 1
0 84 0
1 87 1
1 93 1
1 76 1
0 90 0
0 102 0
0 122 1
1 180 0
0 166 1
0 144 1
1 135 0
1 80 1
1 93 1
1 142 0
1 168 0
1 111 1
0 150 1
0 146 1
0 100 0
1 83 1
0 160 1
0 148 1
1 153 0
1 142 0
0 148 1
0 140 1
0 166 1
0 190 1
1 152 0
1 147 0
1 76 1
1 79 1
1 82 1
0 66 0
0 90 0
0 92 0
0 84 0
1 84 1
1 86 1
1 93 1
1 101 1
0 120 1
0 140 1
0 145 1
0 177 1
1 159 0
1 143 0
1 64 1
1 77 1
1 151 0
1 87 1
1 133 0
1 101 1
0 141 1
1 96 1
1 104 1
1 111 1
0 119 1
0 85 0
1 88 1
1 94 1
1 77 1
0 91 0
0 103 0
0 123 1
1 181 0
0 167 1
0 145 1
1 136 0
1 81 1
1 94 1
1 143 0
1 169 0
1 112 1
0 151 1
0 147 1
0 101 0
1 84 1
0 161 1
0 149 1
1 154 0
1 143 0
0 149 1
0 141 1
0 167 1
0 191 1
1 153 0
1 148 0
1 77 1
1 80 1
1 83 1
0 67 0
0 91 0
0 93 0
0 85 0
1 85 1
1 87 1
1 94 1
1 102 1
0 121 1
0 141 1
0 146 1
0 178 1
1 160 0
1 144 0
1 65 1
1 78 1
1 148 0
1 84 1
1 130 0
1 98 1
0 138 1
1 93 1
1 101 1
1 108 1
0 116 1
0 82 0
1 85 1
1 91 1
1 74 1
0 88 0
0 100 0
0 120 1
1 178 0
0 164 1
0 142 1
1 133 0
1 78 1
1 91 1
1 140 0
1 166 0
1 109 1
0 148 1
0 144 1
0 98 0
1 81 1
0 158 1
0 146 1
1 151 0
1 140 0
0 146 1
0 138 1
0 164 1
0 188 1
1 150 0
1 145 0
1 74 1
1 77 1
1 80 1
0 64 0
0 88 0
0 90 0
0 82 0
1 82 1
1 84 1
1 91 1
1 99 1
0 118 1
0 138 1
0 143 1
0 175 1
1 157 0
1 141 0
1 62 1
1 75 1
1 149 0
1 85 1
1 131 0
1 99 1
0 139 1
1 94 1
1 102 1
1 109 1
0 117 1
0 83 0
1 86 1
1 92 1
1 75 1
0 89 0
0 101 0
0 121 1
1 179 0
0 165 1
0 143 1
1 134 0
1 79 1
1 92 1
1 141 0
1 167 0
1 110 1
0 149 1
0 145 1
0 99 0
1 82 1
0 159 1
0 147 1
1 152 0
1 141 0
0 147 1
0 139 1
0 165 1
0 189 1
1 151 0
1 146 0
1 75 1
1 78 1
1 81 1
0 65 0
0 89 0
0 91 0
0 83 0
1 83 1
1 85 1
1 92 1
1 100 1
0 119 1
0 139 1
0 144 1
0 176 1
1 158 0
1 142 0
1 63 1
1 76 1